0         1000
2  999.2443196
4   998.990799
6  998.8339178
8  998.5928458
10  998.1612734
12  997.5141539
14  995.1489401
16  991.4690637
18  987.3817185
20  983.2876199
22   979.192803
24  975.0946053
26   970.989169
28    966.88031
30  962.7737638
32  958.6700366
34  954.5693871
36  950.4717032
38  946.3763841
40  942.2822275
42  938.1873085
44  934.0888172
46  929.9828973
48  925.8741531
50  921.7677523
52   917.664191
54  913.5637107
56  909.4661745
58  905.3709506
60  901.2767986
62  897.1817473
64  893.0829279
66  888.9765321
68  884.8678932
70  880.7616318
72  876.6582326
74  872.5579185
76   868.460527
78  864.3653936
80  860.2712379
82  856.1760403
84  852.0768707
86  847.9700213
88  843.8614933
90  839.7553773
92  835.6521466
94  831.5520043
96  827.4547609
98  823.3597178
100  819.2655538
102  815.1701992
104  811.0706602
106  806.9633865
108  802.8549771
110  798.7490147
112  794.6459595
114  790.5459945
116  786.4489023
118  782.3539493
120   778.259772
122  774.1642496
124  770.0643227
126  765.9566592
128  761.8483756
130  757.7425734
132  753.6396998
134  749.5399163
136  745.4429769
138  741.3481124
140   737.253916
142  733.1582144
144  729.0578812
146  724.9498661
148  720.8417141
150   716.736078
152  712.6333904
154  708.5337912
156  704.4370051
158  700.3422262
160  696.2480037
162  692.1521111
164  688.0513529
166  683.9430271
168   679.835012
170  675.7295464
172  671.6270483
174  667.5276351
176  663.4310015
178  659.3363044
180  655.2420483
182  651.1459521
184  647.0447497
186  642.9361571
188  638.8282832
190  634.7229918
192  630.6206858
194  626.5214594
196  622.4249766
198  618.3303567
200  614.2360587
202  610.1397458
204    606.03808
206  601.9292665
208  597.8215375
210  593.7164235
212  589.6143115
214   585.515272
216   581.418938
218    577.32439
220  573.2300409
222  569.1334981
224  565.0313493
226  560.9223627
228  556.8147822
230  552.7098482
232  548.6079317
234  544.5090788
236  540.4128904
238  536.3184086
240  532.2239994
242  528.1272128
244   524.024561
246  519.9154513
248  515.8080221
250  511.7032707
252  507.6015507
254  503.5028833
256  499.4068377
258  495.3124159
260  491.2179369
262  487.1208924
264  483.0177172
266   478.908536
268  474.8012614
270  470.6966944
272  466.5951715
274  462.4966887
276   458.400782
278  454.3064139
280  450.2118552
282  446.1145381
284  442.0108187
286  437.9016199
288  433.7945023
290  429.6901218
292  425.5887965
294  421.4904968
296  417.3947255
298  413.3004043
300  409.2057553
302  405.1081509
304  401.0038659
306  396.8947049
308  392.7877471
310  388.6835546
312  384.5824274
314  380.4843092
316  376.3886689
318  372.2943875
320  368.1996378
322  364.1017307
324  359.9968594
326  355.8877929
328  351.7809972
330  347.6769945
332  343.5760653
334  339.4781266
336  335.3826132
338  331.2883643
340   327.193503
342  323.0952779
344  318.9898268
346  314.8808851
348  310.7742541
350  306.6704423
352  302.5697111
354  298.4719499
356  294.3765588
358  290.2823349
360  286.1873508
362  282.0887914
364  277.9827951
366  273.8739825
368  269.7675183
370   265.663899
372  261.5633655
374  257.4657796
376  253.3705061
378  249.2762993
380  245.1811808
382  241.0822711
384  236.9757664
386   232.867086
388  228.7607908
390  224.6573651
392  220.5570291
394  216.4596159
396  212.3644548
398  208.2702573
400  204.1749927
402  200.0757161
404  195.9687419
406  191.8601961
408  187.7540723
410  183.6508412
412  179.5507019
414   175.453459
416  171.3584053
418  167.2642088
420  163.1687862
422  159.0691254
424  154.9617219
426  150.8533137
428  146.7473631
430  142.6443276
432  138.5443846
434   134.447309
436  130.3523575
438  126.2581534
440  122.1625602
442  118.0624982
444  113.9547071
446  109.8464389
448  105.7406637
450  101.6378246
452  97.53807708
454  93.44116615
456  89.34631088
458  85.25209057
460  81.15631445
462  77.05583308
464  72.94769802
466  68.83957234
468  64.73397452
470  60.63133279
472   56.5317796
474     52.43503
476  48.34026549
478  44.24601993
480  40.15004801
482   36.0491293
484  31.94069485
486  27.83271456
488  23.72729586
490  19.62485191
492  15.52549222
494  11.42890068
496  7.334220947
498  3.239941174
500 -0.8562399597
502 -4.957614749
504 -9.066301723
506 -13.17413442
508 -17.27937211
510 -21.38161761
512 -25.48078511
514 -29.57722182
516 -33.67182301
518 -37.76614666
520 -41.86255027
522 -45.96440017
524 -50.07329168
526 -54.18097404
528 -58.28602911
530 -62.38807558
532 -66.48705216
534 -70.58333795
536 -74.67786687
538 -78.77224394
540 -82.86888391
542 -86.97122815
544 -91.08027455
546 -95.18780414
548 -99.29267472
550 -103.3945221
552 -107.4933093
554 -111.5894477
556  -115.683911
558 -119.7783512
560 -123.8752416
562 -127.9781004
564 -132.0872499
566 -136.1946244
568 -140.2993091
570 -144.4009569
572 -148.4995564
574 -152.5955514
576 -156.6899556
578 -160.7844694
580 -164.8816247
582 -168.9850182
584 -173.0942177
586 -177.2014346
588 -181.3059319
590   -185.40738
592 -189.5057933
594 -193.6016492
596 -197.6960015
598 -201.7905991
600  -205.888034
602  -209.991983
604 -214.1011775
606 -218.2082346
608 -222.3125428
610 -226.4137914
612 -230.5120207
614 -234.6077415
616  -238.702049
618 -242.7967409
620 -246.8944704
622 -250.9989964
624  -255.108129
626  -259.215024
628 -263.3191421
630  -267.420191
632 -271.5182382
634 -275.6138285
636 -279.7080984
638 -283.8028958
640 -287.9009354
642 -292.0060533
644 -296.1150722
646 -300.2218028
648 -304.3257293
650  -308.426579
652 -312.5244461
654 -316.6199105
656 -320.7141507
658 -324.8090644
660 -328.9074298
662 -333.0131159
664 -337.1220067
666 -341.2285708
668 -345.3323044
670  -349.432955
672 -353.5306447
674  -357.625988
676  -361.720206
678 -365.8152476
680 -369.9139548
682 -374.0201728
684 -378.1289323
686 -382.2353275
688 -386.3388674
690 -390.4393194
692 -394.5368339
694 -398.6320613
696  -402.726265
698 -406.8214461
700 -410.9205117
702  -415.027223
704 -419.1358487
706 -423.2420732
708 -427.3454182
710 -431.4456722
712 -435.5430142
714 -439.6381305
716 -443.7323284
718 -447.8276609
720 -451.9271017
722 -456.0342668
724 -460.1427559
726 -464.2488076
728 -468.3519566
730 -472.4520132
732 -476.5491856
734 -480.6441964
736 -484.7383967
738 -488.8338929
740  -492.933726
742 -497.0413035
744 -501.1496536
746 -505.2555302
748 -509.3584827
750 -513.4583428
752 -517.5553483
754 -521.6502591
756 -525.7444706
758 -529.8401428
760 -533.9403859
762 -538.0483331
764 -542.1565414
766 -546.2622415
768 -550.3649964
770 -554.4646609
772 -558.5615028
774 -562.6563191
776 -566.7505506
778 -570.8464118
780 -574.9470828
782 -579.0553554
784 -583.1634195
786 -587.2689408
788 -591.3714978
790 -595.4709675
792 -599.5676489
794  -603.662377
796 -607.7566375
798 -611.8527007
800  -615.953818
802 -620.0623701
804 -624.1702875
806 -628.2756283
808 -632.3779865
810  -636.477263
812 -640.5737873
814  -644.668433
816 -648.7627321
818 -652.8590103
820 -656.9605927
822  -661.069377
824  -665.177145
826 -669.2823038
828 -673.3844629
830 -677.4835473
832 -681.5799182
834 -685.6744877
836 -689.7688347
838  -693.865342
840 -697.9674087
842  -702.076376
844 -706.1839924
846 -710.2889672
848 -714.3909269
850 -718.4898205
852 -722.5860416
854 -726.6805417
856 -730.7749464
858 -734.8716965
860 -738.9742673
862 -743.0833668
864 -747.1908291
866 -751.2956185
868 -755.3973782
870 -759.4960829
872 -763.5921581
874 -767.6865952
876 -771.7810679
878  -775.878075
880 -779.9811698
882 -784.0903493
884 -788.1976549
886 -792.3022574
888 -796.4038173
890 -800.5023345
892  -804.598268
894  -808.692649
896 -812.7871996
898 -816.8844786
900  -820.988118
902 -825.0973231
904   -829.20447
906 -833.3088839
908 -837.4102439
910 -841.5085756
912 -845.6043713
914 -849.6987036
916 -853.7933428
918 -857.8909083
920 -861.9951135
922 -866.1042882
924  -870.211274
926 -874.3154982
928 -878.4166581
930 -882.5148063
932 -886.6104689
934 -890.7047593
936 -894.7994979
938 -898.8973652
940 -903.0021575
942 -907.1112445
944 -911.2180668
946 -915.3220997
948   -919.42306
950 -923.5210268
952 -927.6165607
954  -931.710817
956 -935.8056658
958 -939.9038506
960  -944.009229
962 -948.1181915
964 -952.2248483
966 -956.3286889
968 -960.4294496
970 -964.5272373
972 -968.6226472
974  -972.716877
976 -976.8118476
978 -980.9103656
980 -985.0162967
982 -989.1251293
984 -993.2316183
986 -997.3352654
988 -1001.435827
990 -1005.533438
992 -1009.628729
994  -1013.72294
996 -1017.818044
998 -1021.916911
1000 -1026.023358
1002 -1030.132058
1004 -1034.238377
1006 -1038.341829
1008 -1042.442192
1010 -1046.539629
1012 -1050.634806
1014 -1054.729007
1016 -1058.824255
1018 -1062.923489
1020 -1067.030412
1022 -1071.138976
1024 -1075.245123
1026  -1079.34838
1028 -1083.448546
1030 -1087.545811
1032 -1091.640879
1034 -1095.735078
1036 -1099.830483
1038   -1103.9301
1040 -1108.037458
1042 -1112.145885
1044 -1116.251858
1046 -1120.354919
1048 -1124.454887
1050 -1128.551983
1052 -1132.646949
1054 -1136.741154
1056 -1140.836729
1058 -1144.936746
1060 -1149.044498
1062 -1153.152784
1064 -1157.258581
1066 -1161.361445
1068 -1165.461216
1070 -1169.558147
1072 -1173.653015
1074 -1177.747235
1076 -1181.842992
1078 -1185.943428
1080 -1190.051529
1082 -1194.159673
1084 -1198.265292
1086 -1202.367958
1088 -1206.467534
1090 -1210.564303
1092 -1214.659079
1094 -1218.753323
1096 -1222.849275
1098 -1226.950147
1100 -1231.058553
1102 -1235.166551
1104 -1239.271991
1106 -1243.374458
1108  -1247.47384
1110  -1251.57045
1112  -1255.66514
1114 -1259.759417
1116 -1263.855577
1118 -1267.956905
1120 -1272.065569
1122 -1276.173419
1124 -1280.278678
1126 -1284.380945
1128 -1288.480134
1130 -1292.576589
1132 -1296.671199
1134 -1300.765519
1136 -1304.861901
1138 -1308.963703
1140 -1313.072577
1142 -1317.180277
1144 -1321.285352
1146  -1325.38742
1148 -1329.486418
1150  -1333.58272
1152 -1337.677257
1154  -1341.77163
1156 -1345.868247
1158 -1349.970542
1160 -1354.079577
1162 -1358.187123
1164 -1362.292014
1166 -1366.393882
1168  -1370.49269
1170 -1374.588844
1172 -1378.683315
1174  -1382.77775
1176 -1386.874616
1178 -1390.977425
1180 -1395.086568
1182 -1399.193959
1184 -1403.298663
1186 -1407.400332
1188 -1411.498951
1190 -1415.594961
1192 -1419.689372
1194 -1423.783879
1196 -1427.881009
1198 -1431.984352
1200  -1436.09355
1202 -1440.200784
1204   -1444.3053
1206 -1448.406769
1208 -1452.505201
1210 -1456.601071
1212 -1460.695429
1214 -1464.790019
1216 -1468.887428
1218 -1472.991325
1220 -1477.100524
1222 -1481.207597
1224 -1485.311925
1226 -1489.413193
1228  -1493.51144
1230 -1497.607175
1232 -1501.701487
1234 -1505.796171
1236 -1509.893874
1238 -1513.998346
1240 -1518.107488
1242   -1522.2144
1244 -1526.318536
1246 -1530.419605
1248 -1534.517669
1250 -1538.613272
1252 -1542.707547
1254 -1546.802335
1256 -1550.900347
1258 -1555.005412
1260 -1559.114444
1262  -1563.22119
1264 -1567.325135
1266 -1571.426004
1268 -1575.523888
1270 -1579.619365
1272 -1583.713608
1274 -1587.808512
1276 -1591.906848
1278 -1596.012486
1280  -1600.12139
1282  -1604.22797
1284 -1608.331721
1286 -1612.432391
1288 -1616.530097
1290 -1620.625452
1292 -1624.719672
1294 -1628.814703
1296  -1632.91338
1298 -1637.019554
1300 -1641.128326
1302 -1645.234737
1304 -1649.338295
1306 -1653.438765
1308 -1657.536296
1310 -1661.631534
1312 -1665.725739
1314 -1669.820909
1316 -1673.919943
1318 -1678.026615
1320 -1682.135253
1322 -1686.241493
1324 -1690.344856
1326 -1694.445127
1328 -1698.542485
1330 -1702.637611
1332  -1706.73181
1334  -1710.82713
1336 -1714.926539
1338 -1719.033668
1340  -1723.14217
1342 -1727.248237
1344 -1731.351403
1346 -1735.451477
1348 -1739.548665
1350 -1743.643685
1352 -1747.737886
1354 -1751.833368
1356 -1755.933169
1358 -1760.040714
1360 -1764.149076
1362 -1768.254969
1364 -1772.357938
1366 -1776.457816
1368 -1780.554836
1370 -1784.649755
1372 -1788.743966
1374 -1792.839624
1376 -1796.939833
1378 -1801.047752
1380 -1805.155973
1382 -1809.261689
1384  -1813.36446
1386 -1817.464142
1388 -1821.560998
1390 -1825.655822
1392 -1829.750052
1394 -1833.845898
1396 -1837.946534
1398 -1842.054783
1400 -1846.162859
1402 -1850.268396
1404  -1854.37097
1406 -1858.470456
1408 -1862.567151
1410 -1866.661887
1412 -1870.756145
1414 -1874.852192
1416 -1878.953273
1418 -1883.061805
1420 -1887.169735
1422 -1891.275091
1424 -1895.377466
1426 -1899.476759
1428 -1903.573296
1430 -1907.667949
1432 -1911.762245
1434 -1915.858506
1436 -1919.960052
1438  -1924.06882
1440   -1928.1766
1442 -1932.281774
1444  -1936.38395
1446  -1940.48305
1448 -1944.579433
1450 -1948.674009
1452 -1952.768353
1454 -1956.864842
1456  -1960.96687
1458 -1965.075826
1460 -1969.183455
1462 -1973.288445
1464 -1977.390421
1466  -1981.48933
1468 -1985.585563
1470 -1989.680069
1472 -1993.774469
1474   -1997.8712
1476 -2001.973732
1478 -2006.082823
1480 -2010.190298
1482 -2014.295103
1484 -2018.396879
1486 -2022.495598
1488 -2026.591685
1490 -2030.686127
1492 -2034.780595
1494 -2038.877582
1496 -2042.980637
1498 -2047.089812
1500 -2051.197131
1502 -2055.301748
1504 -2059.403324
1506 -2063.501856
1508 -2067.597801
1510 -2071.692186
1512 -2075.786731
1514 -2079.883989
1516 -2083.987587
1518 -2088.096792
1520 -2092.203952
1522 -2096.308381
1524 -2100.409756
1526 -2104.508103
1528 -2108.603909
1530 -2112.698245
1532 -2116.792878
1534 -2120.890422
1536 -2124.994584
1538 -2129.103763
1540 -2133.210762
1542 -2137.315001
1544 -2141.416176
1546 -2145.514339
1548 -2149.610012
1550 -2153.704305
1552 -2157.799037
1554 -2161.896881
1556 -2166.001629
1558 -2170.110725
1560  -2174.21756
1562 -2178.321608
1564 -2182.422584
1566 -2186.520564
1568 -2190.616108
1570 -2194.710367
1572 -2198.805208
1574 -2202.903369
1576 -2207.008705
1578 -2211.117678
1580 -2215.224347
1582 -2219.328203
1584 -2223.428979
1586  -2227.52678
1588 -2231.622199
1590 -2235.716431
1592 -2239.811393
1594 -2243.909886
1596 -2248.015778
1598 -2252.124621
1600 -2256.231123
1602 -2260.334784
1604 -2264.435361
1606 -2268.532985
1608 -2272.628285
1610 -2276.722498
1612 -2280.817592
1614 -2284.916434
1616 -2289.022844
1618 -2293.131554
1620 -2297.237886
1622 -2301.341353
1624 -2305.441731
1626 -2309.539181
1628 -2313.634366
1630 -2317.728568
1632 -2321.823806
1634 -2325.923013
1636 -2330.029903
1638 -2334.138478
1640 -2338.244638
1642 -2342.347909
1644 -2346.448089
1646 -2350.545367
1648 -2354.640443
1650 -2358.734642
1652 -2362.830036
1654 -2366.929626
1656 -2371.036954
1658 -2375.145391
1660 -2379.251377
1662 -2383.354452
1664 -2387.454435
1666 -2391.551544
1668 -2395.646516
1670 -2399.740721
1672 -2403.836284
1674 -2407.936273
1676 -2412.043998
1678 -2416.152295
1680 -2420.258105
1682 -2424.360982
1684 -2428.460768
1686 -2432.557711
1688 -2436.652586
1690 -2440.746805
1692 -2444.842549
1694 -2448.942955
1696 -2453.051034
1698 -2457.159188
1700  -2461.26482
1702   -2465.3675
1704  -2469.46709
1706  -2473.56387
1708 -2477.658653
1710 -2481.752895
1712 -2485.848833
1714 -2489.949675
1716 -2494.058062
1718  -2498.16607
1720 -2502.271523
1722 -2506.374004
1724   -2510.4734
1726 -2514.570021
1728 -2518.664717
1730 -2522.758992
1732 -2526.855137
1734 -2530.956433
1736 -2535.065082
1738 -2539.172942
1740 -2543.278214
1742 -2547.380496
1744 -2551.479698
1746 -2555.576163
1748 -2559.670779
1750 -2563.765097
1752 -2567.861463
1754 -2571.963231
1756 -2576.072093
1758 -2580.179803
1760 -2584.284892
1762 -2588.386974
1764 -2592.485985
1766 -2596.582298
1768  -2600.67684
1770 -2604.771209
1772  -2608.86781
1774 -2612.970071
1776 -2617.079096
1778 -2621.186654
1780 -2625.291557
1782  -2629.39344
1784  -2633.49226
1786 -2637.588425
1788   -2641.6829
1790 -2645.777331
1792  -2649.87418
1794 -2653.976953
1796 -2658.086091
1798 -2662.193493
1800  -2666.29821
1802 -2670.399893
1804 -2674.498525
1806 -2678.594545
1808  -2682.68896
1810 -2686.783462
1812 -2690.880574
1814  -2694.98388
1816 -2699.093077
1818 -2703.200321
1820 -2707.304851
1822 -2711.406333
1824 -2715.504778
1826 -2719.600658
1828 -2723.695019
1830 -2727.789604
1832 -2731.886994
1834 -2735.990853
1836 -2740.100054
1838 -2744.207138
1840 -2748.311478
1842 -2752.412761
1844 -2756.511021
1846 -2760.606764
1848  -2764.70108
1850 -2768.795757
1852  -2772.89344
1854 -2776.997873
1856 -2781.107021
1858 -2785.213944
1860 -2789.318093
1862 -2793.419175
1864 -2797.517253
1866 -2801.612865
1868 -2805.707141
1870 -2809.801922
1872 -2813.899913
1874  -2818.00494
1876  -2822.11398
1878 -2826.220738
1880 -2830.324696
1882 -2834.425578
1884 -2838.523474
1886 -2842.618959
1888 -2846.713205
1890   -2850.8081
1892 -2854.906415
1894 -2859.012016
1896 -2863.120929
1898  -2867.22752
1900 -2871.331285
1902 -2875.431967
1904 -2879.529686
1906 -2883.625048
1908  -2887.71927
1910 -2891.814293
1912 -2895.912947
1914 -2900.019087
1916 -2904.127868
1918  -2908.23429
1920 -2912.337861
1922 -2916.438345
1924 -2920.535887
1926 -2924.631133
1928 -2928.725339
1930 -2932.820499
1932  -2936.91951
1934  -2941.02615
1936 -2945.134797
1938 -2949.241049
1940 -2953.344425
1942  -2957.44471
1944 -2961.542079
1946 -2965.637213
1948 -2969.731412
1950 -2973.826722
1952 -2977.926106
1954 -2982.033206
1956 -2986.141717
1958 -2990.247796
1960 -2994.350975
1962 -2998.451062
1964 -3002.548261
1966 -3006.643288
1968 -3010.737489
1970  -3014.83296
1972 -3018.932735
1974 -3023.040255
1976 -3027.148626
1978  -3031.25453
1980 -3035.357513
1982 -3039.457403
1984 -3043.554434
1986  -3047.64936
1988  -3051.74357
1990 -3055.839217
1992 -3059.939399
1994 -3064.047295
1996 -3068.155526
1998 -3072.261253
2000 -3076.364038
2002 -3080.463732
2004 -3084.560598
2006 -3088.655429
2008 -3092.749658
2010 -3096.845491
2012 -3100.946099
2014 -3105.054328
2016 -3109.162414
2018 -3113.267963
2020  -3117.37055
2022 -3121.470049
2024 -3125.566754
2026 -3129.661495
2028 -3133.755752
2030 -3137.851786
2032 -3141.952838
2034 -3146.061353
2036 -3150.169293
2038 -3154.274661
2040 -3158.377048
2042 -3162.476354
2044 -3166.572901
2046 -3170.667559
2048 -3174.761853
2050   -3178.8581
2052 -3182.959615
2054  -3187.06837
2056  -3191.17616
2058 -3195.281346
2060 -3199.383534
2062 -3203.482647
2064  -3207.57904
2066 -3211.673621
2068 -3215.767961
2070 -3219.864436
2072 -3223.966433
2074 -3228.075378
2076 -3232.183017
2078 -3236.288019
2080 -3240.390008
2082 -3244.488929
2084 -3248.585172
2086 -3252.679682
2088 -3256.774079
2090 -3260.870794
2092 -3264.973293
2094 -3269.082378
2096 -3273.189863
2098 -3277.294679
2100 -3281.396468
2102   -3285.4952
2104 -3289.591296
2106 -3293.685742
2108 -3297.780205
2110 -3301.877176
2112 -3305.980197
2114 -3310.089369
2116 -3314.196697
2118 -3318.301327
2120 -3322.402915
2122 -3326.501459
2124 -3330.597413
2126 -3334.691802
2128 -3338.786342
2130 -3342.883583
2132 -3346.987145
2134 -3351.096351
2136 -3355.203521
2138 -3359.307962
2140  -3363.40935
2142 -3367.507708
2144 -3371.603523
2146 -3375.697863
2148 -3379.792489
2150 -3383.890015
2152 -3387.994141
2154 -3392.103324
2156 -3396.210333
2158 -3400.314584
2160 -3404.415772
2162 -3408.513946
2164 -3412.609627
2166 -3416.703924
2168 -3420.798649
2170 -3424.896474
2172 -3429.001185
2174 -3433.110288
2176 -3437.217133
2178 -3441.321193
2180 -3445.422181
2182 -3449.520174
2184 -3453.615725
2186 -3457.709986
2188  -3461.80482
2190 -3465.902961
2192 -3470.008261
2194 -3474.117242
2196 -3478.223922
2198  -3482.32779
2200 -3486.428578
2202 -3490.526391
2204 -3494.621818
2206 -3498.716051
2208 -3502.811005
2210 -3506.909477
2212 -3511.015336
2214 -3515.124187
2216   -3519.2307
2218 -3523.334373
2220 -3527.434963
2222 -3531.532598
2224 -3535.627905
2226 -3539.722119
2228 -3543.817204
2230 -3547.916024
2232 -3552.022404
2234 -3556.131122
2236 -3560.237465
2238 -3564.340944
2240 -3568.441335
2242 -3572.538795
2244 -3576.633988
2246  -3580.72819
2248 -3584.823419
2250 -3588.922603
2252 -3593.029464
2254 -3597.138047
2256 -3601.244218
2258 -3605.347502
2260 -3609.447694
2262 -3613.544983
2264 -3617.640066
2266 -3621.734265
2268 -3625.829649
2270 -3629.929214
2272 -3634.036517
2274 -3638.144963
2276  -3642.25096
2278 -3646.354047
2280 -3650.454042
2282 -3654.551161
2284  -3658.64614
2286 -3662.740344
2288 -3666.835896
2290  -3670.93586
2292 -3675.043562
2294 -3679.151868
2296 -3683.257689
2298 -3687.360579
2300 -3691.460377
2302  -3695.55733
2304 -3699.652211
2306 -3703.746429
2308 -3707.842161
2310 -3711.942541
2312 -3716.050599
2314 -3720.158762
2316 -3724.264406
2318 -3728.367098
2320   -3732.4667
2322 -3736.563491
2324 -3740.658279
2326  -3744.75252
2328 -3748.848445
2330  -3752.94926
2332 -3757.057629
2334 -3761.165647
2336 -3765.271111
2338 -3769.373604
2340 -3773.473012
2342 -3777.569643
2344 -3781.664344
2346 -3785.758617
2348 -3789.854749
2350 -3793.956017
2352  -3798.06465
2354  -3802.17252
2356 -3806.277803
2358 -3810.380097
2360 -3814.479312
2362 -3818.575786
2364 -3822.670407
2366 -3826.764722
2368 -3830.861074
2370 -3834.962813
2372 -3839.071664
2374 -3843.179383
2376 -3847.284483
2378 -3851.386578
2380   -3855.4856
2382 -3859.581922
2384 -3863.676469
2386 -3867.770835
2388 -3871.867421
2390 -3875.969651
2392 -3880.078668
2394 -3884.186235
2396  -3888.29115
2398 -3892.393045
2400 -3896.491877
2402 -3900.588051
2404  -3904.68253
2406 -3908.776957
2408  -3912.87379
2410 -3916.976532
2412 -3921.085664
2414 -3925.193076
2416 -3929.297805
2418 -3933.399499
2420 -3937.498143
2422 -3941.594172
2424  -3945.68859
2426 -3949.783088
2428 -3953.880184
2430 -3957.983457
2432 -3962.092651
2434 -3966.199906
2436 -3970.304447
2438 -3974.405941
2440 -3978.504398
2442 -3982.600286
2444  -3986.69465
2446  -3990.78923
2448 -3994.886603
2450 -3998.990427
2452  -4003.09963
2454 -4007.206724
2456 -4011.311076
2458  -4015.41237
2460 -4019.510642
2462 -4023.606393
2464 -4027.700711
2466 -4031.795383
2468 -4035.893048
2470 -4039.997446
2472 -4044.106599
2474 -4048.213531
2476 -4052.317692
2478 -4056.418787
2480 -4060.516875
2482 -4064.612495
2484 -4068.706774
2486 -4072.801548
2488  -4076.89952
2490 -4081.004511
2492 -4085.113558
2494 -4089.220326
2496 -4093.324296
2498  -4097.42519
2500 -4101.523098
2502  -4105.61859
2504 -4109.712837
2506 -4113.807726
2508 -4117.906021
2510 -4122.011588
2512 -4126.120509
2514  -4130.22711
2516 -4134.330887
2518 -4138.431582
2520  -4142.52931
2522 -4146.624681
2524 -4150.718904
2526 -4154.813918
2528 -4158.912552
2530  -4163.01866
2532 -4167.127449
2534 -4171.233882
2536 -4175.337465
2538  -4179.43796
2540 -4183.535513
2542 -4187.630766
2544 -4191.724973
2546 -4195.820125
2548 -4199.919113
2550 -4204.025724
2552  -4208.13438
2554 -4212.240642
2556  -4216.34403
2558 -4220.444327
2560 -4224.541706
2562 -4228.636847
2564 -4232.731046
2566 -4236.826346
2568 -4240.925708
2570 -4245.032781
2572 -4249.141301
2574  -4253.24739
2576 -4257.350582
2578 -4261.450681
2580 -4265.547889
2582 -4269.642923
2584 -4273.737123
2586 -4277.832585
2588 -4281.932335
2590 -4286.039831
2592 -4290.148211
2594 -4294.254126
2596 -4298.357121
2598 -4302.457023
2600 -4306.554064
2602 -4310.648996
2604 -4314.743205
2606 -4318.838841
2608 -4322.938998
2610 -4327.046873
2612 -4331.155112
2614  -4335.26085
2616 -4339.363647
2618 -4343.463353
2620 -4347.560229
2622 -4351.655065
2624 -4355.749293
2626 -4359.845115
2628 -4363.945697
2630 -4368.053907
2632 -4372.162002
2634 -4376.267561
2636  -4380.37016
2638 -4384.469671
2640 -4388.566386
2642 -4392.661132
2644 -4396.755387
2646 -4400.851408
2648 -4404.952433
2650 -4409.060933
2652 -4413.168881
2654  -4417.27426
2656  -4421.37666
2658 -4425.475977
2660 -4429.572534
2662 -4433.667197
2664 -4437.761488
2666 -4441.857722
2668 -4445.959209
2670 -4450.067951
2672  -4454.17575
2674 -4458.280947
2676 -4462.383147
2678 -4466.482271
2680 -4470.578674
2682 -4474.673259
2684 -4478.767597
2686 -4482.864057
2688 -4486.966025
2690  -4491.07496
2692 -4495.182608
2694 -4499.287621
2696 -4503.389622
2698 -4507.488555
2700 -4511.584806
2702 -4515.679321
2704 -4519.773714
2706 -4523.870414
2708 -4527.972883
2710 -4532.081961
2712 -4536.189455
2714 -4540.294283
2716 -4544.396083
2718 -4548.494826
2720 -4552.590931
2722 -4556.685381
2724  -4560.77984
2726 -4564.876795
2728 -4568.979784
2730 -4573.088953
2732 -4577.196291
2734 -4581.300931
2736 -4585.402532
2738 -4589.501087
2740 -4593.597049
2742 -4597.691442
2744 -4601.785977
2746 -4605.883201
2748 -4609.986731
2750 -4614.095936
2752 -4618.203115
2754 -4622.307568
2756 -4626.408968
2758 -4630.507337
2760  -4634.60316
2762 -4638.697502
2764 -4642.792124
2766 -4646.889632
2768 -4650.993724
2770  -4655.10291
2772 -4659.209929
2774 -4663.314191
2776 -4667.415391
2778 -4671.513576
2780 -4675.609265
2782 -4679.703564
2784 -4683.798283
2786  -4687.89609
2788 -4692.000765
2790 -4696.109875
2792  -4700.21673
2794 -4704.320802
2796 -4708.421802
2798 -4712.519805
2800 -4716.615364
2802 -4720.709627
2804 -4724.804454
2806 -4728.902576
2808 -4733.007842
2810  -4737.11683
2812  -4741.22352
2814 -4745.327399
2816   -4749.4282
2818 -4753.526023
2820 -4757.621457
2822 -4761.715692
2824 -4765.810638
2826 -4769.909091
2828 -4774.014917
2830 -4778.123776
2832 -4782.230299
2834 -4786.333984
2836 -4790.434585
2838 -4794.532231
2840 -4798.627545
2842  -4802.72176
2844 -4806.816837
2846 -4810.915636
2848 -4815.021986
2850 -4819.130712
2852 -4823.237065
2854 -4827.340556
2856 -4831.440958
2858 -4835.538429
2860 -4839.633628
2862 -4843.727831
2864 -4847.823051
2866 -4851.922213
2868 -4856.029047
2870 -4860.137639
2872  -4864.24382
2874 -4868.347115
2876 -4872.447319
2878 -4876.544618
2880 -4880.639707
2882 -4884.733906
2884 -4888.829281
2886 -4892.928823
2888 -4897.036101
2890 -4901.144555
2892 -4905.250562
2894 -4909.353661
2896 -4913.453667
2898 -4917.550797
2900 -4921.645782
2902 -4925.739985
2904 -4929.835527
2906 -4933.935467
2908 -4938.043147
2910 -4942.151461
2912 -4946.257293
2914 -4950.360194
2916 -4954.460004
2918 -4958.556967
2920 -4962.651853
2922  -4966.74607
2924 -4970.841792
2926 -4974.942147
2928 -4979.050185
2930 -4983.158357
2932 -4987.264011
2934 -4991.366714
2936 -4995.466328
2938 -4999.563128
2940 -5003.657922
2942 -5007.752161
2944 -5011.848075
2946 -5015.948863
2948 -5020.057215
2950 -5024.165242
2952 -5028.270716
2954 -5032.373221
2956 -5036.472641
2958 -5040.569281
2960 -5044.663987
2962 -5048.758258
2964 -5052.854378
2966 -5056.955618
2968 -5061.064238
2970 -5065.172116
2972  -5069.27741
2974 -5073.379716
2976 -5077.478942
2978 -5081.575425
2980 -5085.670051
2982 -5089.764363
2984 -5093.860702
2986 -5097.962413
2988 -5102.071252
2990  -5106.17898
2992 -5110.284091
2994 -5114.386197
2996 -5118.485231
2998 -5122.581562
3000 -5126.676113
3002 -5130.770475
3004 -5134.867047
3006 -5138.969248
3008 -5143.078257
3010 -5147.185833
3012 -5151.290759
3014 -5155.392666
3016 -5159.491509
3018 -5163.587691
3020 -5167.682174
3022 -5171.776597
3024 -5175.873416
3026 -5179.976127
3028 -5184.085254
3030 -5188.192675
3032 -5192.297415
3034 -5196.399121
3036 -5200.497776
3038 -5204.593813
3040 -5208.688235
3042 -5212.782728
3044 -5216.879808
3046 -5220.983049
3048 -5225.092242
3050 -5229.199506
3052 -5233.304058
3054 -5237.405564
3056 -5241.504031
3058 -5245.599928
3060 -5249.694295
3062  -5253.78887
3064 -5257.886226
3066 -5261.990018
3068 -5266.099221
3070 -5270.206325
3072 -5274.310688
3074 -5278.411994
3076 -5282.510276
3078 -5286.606036
3080 -5290.700356
3082 -5294.795022
3084 -5298.892669
3086 -5302.997033
3088 -5307.106191
3090 -5311.213133
3092 -5315.317305
3094 -5319.418411
3096  -5323.51651
3098 -5327.612138
3100 -5331.706419
3102 -5335.801187
3104  -5339.89914
3106 -5344.004097
3108 -5348.113151
3110 -5352.219929
3112  -5356.32391
3114 -5360.424816
3116 -5364.522734
3118 -5368.618234
3120 -5372.712483
3122 -5376.807365
3124  -5380.90564
3126 -5385.011175
3128 -5389.120102
3130 -5393.226714
3132 -5397.330502
3134 -5401.431208
3136 -5405.528947
3138 -5409.624325
3140 -5413.718549
3142 -5417.813556
3144 -5421.912169
3146 -5426.018247
3148 -5430.127044
3150 -5434.233487
3152 -5438.337081
3154 -5442.437588
3156 -5446.535151
3158  -5450.63041
3160 -5454.724618
3162 -5458.819762
3164 -5462.918729
3166 -5467.025312
3168 -5471.133975
3170 -5475.240248
3172 -5479.343647
3174 -5483.443955
3176 -5487.541345
3178 -5491.636492
3180 -5495.730691
3182 -5499.825983
3184 -5503.925322
3186  -5508.03237
3188 -5512.140897
3190 -5516.246997
3192 -5520.350199
3194  -5524.45031
3196 -5528.547529
3198 -5532.642569
3200 -5536.736768
3202  -5540.83222
3204 -5544.931948
3206  -5549.03942
3208 -5553.147809
3210 -5557.253733
3212  -5561.35674
3214 -5565.456653
3216 -5569.553704
3218 -5573.648642
3220  -5577.74285
3222 -5581.838475
3224 -5585.938608
3226 -5590.046463
3228  -5594.15471
3230 -5598.260458
3232 -5602.363267
3234 -5606.462984
3236  -5610.55987
3238 -5614.654712
3240 -5618.748938
3242 -5622.844749
3244 -5626.945305
3246 -5631.053497
3248 -5635.161601
3250  -5639.26717
3252 -5643.369781
3254 -5647.469303
3256 -5651.566027
3258 -5655.660779
3260 -5659.755032
3262 -5663.851041
3264  -5667.95204
3266 -5672.060524
3268 -5676.168481
3270 -5680.273871
3272 -5684.376282
3274  -5688.47561
3276 -5692.572176
3278 -5696.666844
3280 -5700.761132
3282 -5704.857354
3284 -5708.958813
3286 -5713.067542
3288 -5717.175351
3290 -5721.280558
3292  -5725.38277
3294 -5729.481905
3296 -5733.578317
3298 -5737.672907
3300 -5741.767241
3302 -5745.863688
3304 -5749.965627
3306 -5754.074552
3308 -5758.182209
3310 -5762.287233
3312 -5766.389245
3314 -5770.488189
3316  -5774.58445
3318 -5778.678968
3320 -5782.773358
3322 -5786.870044
3324 -5790.972483
3326 -5795.081554
3328 -5799.189057
3330 -5803.293896
3332 -5807.395708
3334 -5811.494462
3336 -5815.590576
3338 -5819.685029
3340 -5823.779484
3342 -5827.876424
3344 -5831.979382
3346 -5836.088547
3348 -5840.195894
3350 -5844.300545
3352 -5848.402158
3354 -5852.500724
3356 -5856.596694
3358  -5860.69109
3360  -5864.78562
3362 -5868.882828
3364 -5872.986326
3366  -5877.09553
3368 -5881.202719
3370 -5885.307182
3372 -5889.408594
3374 -5893.506974
3376 -5897.602806
3378  -5901.69715
3380 -5905.791767
3382 -5909.889258
3384 -5913.993317
3386 -5918.102505
3388 -5922.209533
3390 -5926.313807
3392 -5930.415019
3394 -5934.513214
3396 -5938.608911
3398 -5942.703212
3400 -5946.797925
3402 -5950.895714
3404 -5955.000355
3406 -5959.109471
3408 -5963.216336
3410 -5967.320418
3412  -5971.42143
3414 -5975.519443
3416  -5979.61501
3418 -5983.709275
3420 -5987.804095
3422 -5991.902199
3424 -5996.007431
3426 -6000.116427
3428 -6004.223127
3430 -6008.327017
3432 -6012.427829
3434 -6016.525662
3436 -6020.621104
3438  -6024.71534
3440 -6028.810279
3442 -6032.908712
3444 -6037.014507
3446 -6041.123374
3448 -6045.229906
3450 -6049.333603
3452 -6053.434215
3454 -6057.531871
3456 -6061.627192
3458 -6065.721408
3460 -6069.816477
3462 -6073.915256
3464 -6078.021576
3466  -6082.13031
3468 -6086.236673
3470 -6090.340175
3472 -6094.440589
3474  -6098.53807
3476 -6102.633276
3478 -6106.727479
3480  -6110.82269
3482 -6114.921831
3484 -6119.028638
3486 -6123.137238
3488 -6127.243429
3490 -6131.346735
3492 -6135.446951
3494 -6139.544259
3496 -6143.639355
3498 -6147.733554
3500 -6151.828919
3502 -6155.928439
3504 -6160.035692
3506 -6164.144155
3508 -6168.250172
3510 -6172.353282
3512   -6176.4533
3514 -6180.550439
3516  -6184.64543
3518 -6188.739633
3520 -6192.835165
3522 -6196.935081
3524 -6201.042739
3526 -6205.151061
3528 -6209.256903
3530 -6213.359816
3532 -6217.459637
3534  -6221.55661
3536 -6225.651502
3538 -6229.745718
3540 -6233.841429
3542 -6237.941759
3544 -6242.049778
3546 -6246.157958
3548 -6250.263622
3550 -6254.366337
3552 -6258.465962
3554 -6262.562772
3556  -6266.65757
3558 -6270.751808
3560 -6274.847711
3562 -6278.948474
3564 -6283.056809
3566 -6287.164844
3568 -6291.270329
3570 -6295.372845
3572 -6299.472276
3574 -6303.568925
3576 -6307.663637
3578 -6311.757905
3580 -6315.854013
3582 -6319.955226
3584 -6324.063832
3586 -6328.171719
3588 -6332.277023
3590 -6336.379341
3592 -6340.478578
3594  -6344.57507
3596   -6348.6697
3598 -6352.764009
3600 -6356.860335
3602 -6360.962019
3604 -6365.070846
3606 -6369.178584
3608 -6373.283705
3610 -6377.385823
3612 -6381.484868
3614 -6385.581207
3616 -6389.675763
3618 -6393.770122
3620  -6397.86668
3622 -6401.968852
3624 -6406.077852
3626 -6410.185437
3628 -6414.290374
3630 -6418.392292
3632 -6422.491146
3634 -6426.587337
3636 -6430.681824
3638 -6434.776243
3640 -6438.873047
3642 -6442.975728
3644  -6447.08485
3646  -6451.19228
3648  -6455.29703
3650 -6459.398749
3652 -6463.497414
3654 -6467.593459
3656 -6471.687885
3658 -6475.782374
3660 -6479.879438
3662 -6483.982648
3664 -6488.091838
3666 -6492.199111
3668 -6496.303674
3670 -6500.405192
3672  -6504.50367
3674 -6508.599574
3676 -6512.693945
3678 -6516.788515
3680 -6520.885854
3682 -6524.989614
3684 -6529.098818
3686 -6533.205931
3688 -6537.310305
3690 -6541.411623
3692 -6545.509916
3694 -6549.605683
3696 -6553.700006
3698 -6557.794667
3700 -6561.892297
3702 -6565.996627
3704 -6570.105789
3706  -6574.21274
3708 -6578.316924
3710 -6582.418041
3712 -6586.516151
3714 -6590.611786
3716 -6594.706069
3718 -6598.800831
3720 -6602.898766
3722 -6607.003688
3724  -6611.11275
3726 -6615.219537
3728 -6619.323529
3730 -6623.424447
3732 -6627.522375
3734 -6631.617882
3736 -6635.712133
3738 -6639.807008
3740 -6643.905264
3742 -6648.010766
3744 -6652.119702
3746 -6656.226323
3748 -6660.330122
3750  -6664.43084
3752 -6668.528589
3754 -6672.623973
3756 -6676.718199
3758 -6680.813198
3760 -6684.911792
3762 -6689.017839
3764 -6693.126644
3766 -6697.233096
3768 -6701.336701
3770  -6705.43722
3772 -6709.534793
3774  -6713.63006
3776 -6717.724268
3778 -6721.819403
3780  -6725.91835
3782 -6730.024905
3784 -6734.133576
3786 -6738.239858
3788 -6742.343268
3790 -6746.443588
3792 -6750.540988
3794 -6754.636141
3796 -6758.730341
3798 -6762.825624
3800 -6766.924941
3802 -6771.031963
3804 -6775.140498
3806 -6779.246608
3808 -6783.349822
3810 -6787.449944
3812 -6791.547173
3814 -6795.642218
3816 -6799.736418
3818  -6803.83186
3820 -6807.931565
3822 -6812.039014
3824 -6816.147411
3826 -6820.253345
3828 -6824.356363
3830 -6828.456288
3832 -6832.553348
3834 -6836.648292
3836   -6840.7425
3838 -6844.838114
3840 -6848.938224
3842 -6853.046057
3844 -6857.154312
3846 -6861.260071
3848 -6865.362891
3850 -6869.462619
3852 -6873.559515
3854 -6877.654362
3856 -6881.748587
3858 -6885.844387
3860 -6889.944919
3862 -6894.053092
3864 -6898.161204
3866 -6902.266784
3868 -6906.369406
3870 -6910.468939
3872 -6914.565673
3874 -6918.660429
3876  -6922.75468
3878 -6926.850678
3880 -6930.951651
3882 -6935.060119
3884 -6939.168085
3886 -6943.273485
3888 -6947.375908
3890 -6951.475247
3892 -6955.571822
3894 -6959.666494
3896 -6963.760781
3898  -6967.85699
3900 -6971.958422
3902 -6976.067138
3904 -6980.174955
3906 -6984.280173
3908 -6988.382397
3910 -6992.481543
3912 -6996.577964
3914 -7000.672557
3916 -7004.766889
3918 -7008.863323
3920 -7012.965234
3922 -7017.074149
3924 -7021.181815
3926 -7025.286849
3928 -7029.388873
3930 -7033.487828
3932 -7037.584097
3934 -7041.678619
3936 -7045.773005
3938 -7049.869678
3940 -7053.972087
3942 -7058.081151
3944 -7062.188663
3946 -7066.293512
3948 -7070.395336
3950 -7074.494101
3952 -7078.590223
3954  -7082.68468
3956 -7086.779131
3958 -7090.876056
3960 -7094.978984
3962 -7099.088144
3964 -7103.195501
3966 -7107.300163
3968 -7111.401787
3970 -7115.500364
3972 -7119.596342
3974 -7123.690741
3976 -7127.785266
3978 -7131.882459
3980 -7135.985925
3982 -7140.095129
3984 -7144.202327
3986 -7148.306801
3988 -7152.408224
3990 -7156.506615
3992 -7160.602454
3994 -7164.696802
3996 -7168.791413
3998 -7172.888887
4000 -7176.992913
4002 -7181.102104
4004 -7185.209142
4006 -7189.313426
4008 -7193.414649
4010 -7197.512855
4012  -7201.60856
4014 -7205.702863
4016  -7209.79757
4018 -7213.895342
4020 -7217.999949
4022 -7222.109071
4024 -7226.215945
4026 -7230.320038
4028 -7234.421062
4030 -7238.519085
4032  -7242.61466
4034 -7246.708926
4036  -7250.80374
4038 -7254.901825
4040 -7259.007024
4042 -7263.116027
4044 -7267.222737
4046 -7271.326638
4048 -7275.427461
4050 -7279.525305
4052 -7283.620754
4054 -7287.714991
4056 -7291.809923
4058 -7295.908337
4060 -7300.014101
4062 -7304.122974
4064 -7308.229516
4066 -7312.333224
4068 -7316.433848
4070 -7320.531514
4072 -7324.626842
4074 -7328.721059
4076 -7332.816121
4078 -7336.914879
4080  -7341.02117
4082 -7345.129912
4084 -7349.236284
4086 -7353.339798
4088 -7357.440223
4090 -7361.537714
4092 -7365.632926
4094  -7369.72713
4096 -7373.822333
4098 -7377.921452
4100 -7382.028232
4102  -7386.13684
4104 -7390.243041
4106 -7394.346359
4108 -7398.446585
4110 -7402.543904
4112 -7406.639006
4114 -7410.733204
4116 -7414.828561
4118 -7418.928058
4120 -7423.035287
4122 -7427.143757
4124 -7431.249785
4126 -7435.352906
4128 -7439.452935
4130 -7443.550084
4132 -7447.645081
4134 -7451.739284
4136 -7455.834806
4138 -7459.934699
4140 -7464.042334
4142 -7468.150665
4144 -7472.256517
4146 -7476.359441
4148 -7480.459273
4150 -7484.556256
4152 -7488.651153
4154 -7492.745368
4156 -7496.841068
4158 -7500.941374
4160 -7505.049374
4162 -7509.157562
4164 -7513.263236
4166 -7517.365963
4168 -7521.465599
4170 -7525.562418
4172 -7529.657222
4174 -7533.751458
4176 -7537.847349
4178 -7541.948087
4180 -7546.056405
4182 -7550.164448
4184 -7554.269944
4186 -7558.372472
4188 -7562.471914
4190 -7566.568572
4192 -7570.663288
4194 -7574.757555
4196  -7578.85365
4198 -7582.954837
4200 -7587.063429
4202 -7591.171325
4204 -7595.276639
4206 -7599.378968
4208 -7603.478216
4210 -7607.574718
4212 -7611.669352
4214 -7615.763659
4216 -7619.859972
4218 -7623.961627
4220 -7628.070444
4222  -7632.17819
4224 -7636.283321
4226 -7640.385451
4228 -7644.484507
4230 -7648.580855
4232 -7652.675415
4234 -7656.769771
4236 -7660.866315
4238 -7664.968459
4240  -7669.07745
4242 -7673.185044
4244 -7677.289991
4246 -7681.391921
4248 -7685.490786
4250 -7689.586985
4252 -7693.681476
4254 -7697.775891
4256 -7701.872681
4258 -7705.975332
4260 -7710.084448
4262 -7714.191887
4264 -7718.296649
4266 -7722.398378
4268 -7726.497054
4270 -7730.593108
4272 -7734.687537
4274 -7738.782021
4276 -7742.879071
4278  -7746.98225
4280 -7751.091438
4282 -7755.198719
4284 -7759.303293
4286 -7763.404823
4288 -7767.503311
4290 -7771.599224
4292 -7775.693597
4294 -7779.788162
4296 -7783.885485
4298 -7787.989213
4300 -7792.098418
4302  -7796.20554
4304 -7800.309925
4306 -7804.411254
4308 -7808.509558
4310 -7812.605333
4312 -7816.699659
4314 -7820.794313
4316 -7824.891926
4318 -7828.996223
4320 -7833.105389
4322  -7837.21235
4324 -7841.316544
4326 -7845.417673
4328 -7849.515793
4330 -7853.611436
4332 -7857.705721
4334 -7861.800477
4336 -7865.898394
4338 -7870.003282
4340 -7874.112351
4342 -7878.219147
4344  -7882.32315
4346  -7886.42408
4348 -7890.522018
4350 -7894.617533
4352 -7898.711785
4354 -7902.806653
4356  -7906.90489
4358  -7911.01036
4360 -7915.119303
4362 -7919.225934
4364 -7923.329744
4366 -7927.430473
4368 -7931.528233
4370 -7935.623624
4372 -7939.717851
4374 -7943.812843
4376 -7947.911416
4378 -7952.017434
4380 -7956.126246
4382 -7960.232708
4384 -7964.336324
4386 -7968.436855
4388 -7972.534438
4390 -7976.629711
4392  -7980.72392
4394 -7984.819047
4396 -7988.917973
4398   -7993.0245
4400 -7997.133179
4402  -8001.23947
4404 -8005.342892
4406 -8009.443223
4408 -8013.540633
4410 -8017.635792
4412 -8021.729993
4414 -8025.825266
4416 -8029.924562
4418 -8034.031558
4420 -8038.140101
4422 -8042.246221
4424 -8046.349447
4426  -8050.44958
4428 -8054.546818
4430  -8058.64187
4432 -8062.736069
4434 -8066.831502
4436 -8070.931184
4438  -8075.03861
4440 -8079.147014
4442 -8083.252959
4444 -8087.355988
4446 -8091.455924
4448 -8095.552994
4450 -8099.647944
4452 -8103.742151
4454 -8107.837755
4456 -8111.937841
4458 -8116.045653
4460 -8120.153917
4462 -8124.259686
4464 -8128.362517
4466 -8132.462257
4468 -8136.559161
4470 -8140.654014
4472 -8144.748238
4474 -8148.844026
4476 -8152.944534
4478 -8157.052689
4480 -8161.160809
4482   -8165.2664
4484 -8169.369033
4486 -8173.468577
4488  -8177.56532
4490 -8181.660082
4492 -8185.754331
4494 -8189.850317
4496 -8193.951264
4498 -8198.059717
4500 -8202.167691
4502 -8206.273101
4504 -8210.375535
4506 -8214.474886
4508  -8218.57147
4510 -8222.666147
4512 -8226.760431
4514 -8230.856627
4516 -8234.958033
4518 -8239.066736
4520 -8243.174562
4522  -8247.27979
4524 -8251.382025
4526 -8255.481183
4528 -8259.577612
4530  -8263.67221
4532 -8267.766539
4534 -8271.862959
4536 -8275.964842
4538 -8280.073747
4540 -8284.181422
4542 -8288.286467
4544 -8292.388502
4546 -8296.487468
4548 -8300.583746
4550 -8304.678272
4552 -8308.772654
4554 -8312.869313
4556 -8316.971693
4558  -8321.08075
4560 -8325.188271
4562 -8329.293131
4564 -8333.394966
4566 -8337.493742
4568 -8341.589872
4570 -8345.684333
4572  -8349.77878
4574  -8353.87569
4576 -8357.978587
4578 -8362.087744
4580 -8366.195109
4582 -8370.299782
4584 -8374.401417
4586 -8378.500005
4588 -8382.595992
4590 -8386.690393
4592 -8390.784915
4594 -8394.882091
4596 -8398.985526
4598 -8403.094729
4600 -8407.201936
4602 -8411.306421
4604 -8415.407856
4606 -8419.506257
4608 -8423.602104
4610 -8427.696454
4612  -8431.79106
4614 -8435.888518
4616 -8439.992511
4618 -8444.101705
4620 -8448.208751
4622 -8452.313047
4624 -8456.414282
4626 -8460.512498
4628  -8464.60821
4630 -8468.702516
4632 -8472.797217
4634 -8476.894971
4636 -8480.999545
4638 -8485.108672
4640 -8489.215555
4642  -8493.31966
4644 -8497.420695
4646 -8501.518729
4648  -8505.61431
4650 -8509.708579
4652 -8513.803386
4654 -8517.901453
4656 -8522.006619
4658 -8526.115629
4660 -8530.222348
4662  -8534.32626
4664 -8538.427095
4666 -8542.524949
4668 -8546.620405
4670 -8550.714644
4672 -8554.809569
4674 -8558.907963
4676 -8563.013695
4678 -8567.122577
4680 -8571.229128
4682 -8575.332847
4684 -8579.433483
4686 -8583.531159
4688 -8587.626494
4690 -8591.720711
4692 -8595.815765
4694 -8599.914503
4696 -8604.020765
4698 -8608.129515
4700 -8612.235897
4702 -8616.339422
4704 -8620.439858
4706 -8624.537359
4708 -8628.632578
4710 -8632.726782
4712 -8636.821977
4714 -8640.921075
4716 -8645.027828
4718 -8649.136443
4720 -8653.242654
4722 -8657.345983
4724 -8661.446221
4726  -8665.54355
4728 -8669.638658
4730 -8673.732856
4732 -8677.828204
4734 -8681.927679
4736 -8686.034883
4738 -8690.143361
4740 -8694.249399
4742 -8698.352532
4744 -8702.452572
4746 -8706.549731
4748 -8710.644733
4750 -8714.738935
4752 -8718.834448
4754 -8722.934318
4756 -8727.041931
4758 -8731.150269
4760 -8735.256132
4762 -8739.359067
4764 -8743.458911
4766 -8747.555902
4768 -8751.650805
4770 -8755.745019
4772 -8759.840709
4774 -8763.940991
4776 -8768.048971
4778 -8772.157167
4780 -8776.262852
4782  -8780.36559
4784 -8784.465238
4786 -8788.562065
4788 -8792.656874
4790 -8796.751109
4792 -8800.846989
4794 -8804.947701
4796 -8809.056003
4798 -8813.164054
4800  -8817.26956
4802   -8821.3721
4804 -8825.471552
4806  -8829.56822
4808 -8833.662941
4810 -8837.757205
4812 -8841.853289
4814  -8845.95445
4816 -8850.063027
4818 -8854.170931
4820 -8858.276256
4822 -8862.378596
4824 -8866.477855
4826 -8870.574366
4828 -8874.669005
4830 -8878.763309
4832 -8882.859609
4834 -8886.961238
4836 -8891.070042
4838 -8895.177797
4840 -8899.282939
4842  -8903.38508
4844 -8907.484147
4846 -8911.580504
4848 -8915.675068
4850 -8919.769421
4852 -8923.865951
4854 -8927.968066
4856 -8932.077049
4858 -8936.184652
4860  -8940.28961
4862 -8944.391551
4864 -8948.490427
4866 -8952.586635
4868 -8956.681129
4870 -8960.775541
4872 -8964.872316
4874 -8968.974937
4876 -8973.084048
4878 -8977.191496
4880 -8981.296268
4882 -8985.398009
4884 -8989.496696
4886 -8993.592758
4888  -8997.68719
4890  -9001.78167
4892 -9005.878704
4894 -9009.981853
4896 -9014.091038
4898 -9018.198329
4900 -9022.302913
4902 -9026.404454
4904 -9030.502954
4906 -9034.598874
4908  -9038.69325
4910  -9042.78781
4912 -9046.885118
4914 -9050.988813
4916 -9055.098018
4918  -9059.20515
4920 -9063.309546
4922 -9067.410886
4924   -9071.5092
4926 -9075.604983
4928 -9079.699312
4930 -9083.793961
4932 -9087.891557
4934 -9091.995821
4936  -9096.10499
4938  -9100.21196
4940 -9104.316166
4942 -9108.417306
4944 -9112.515437
4946 -9116.611086
4948 -9120.705374
4950 -9124.800124
4952 -9128.898023
4954 -9133.002877
4956 -9137.111952
4958 -9141.218759
4960 -9145.322773
4962 -9149.423713
4964 -9153.521662
4966 -9157.617184
4968 -9161.711438
4970 -9165.806299
4972 -9169.904518
4974 -9174.009955
4976 -9178.118905
4978 -9182.225546
4980 -9186.329367
4982 -9190.430108
4984 -9194.527878
4986 -9198.623276
4988 -9202.717504
4990 -9206.812488
4992 -9210.911042
4994 -9215.017029
4996 -9219.125849
4998 -9223.232321
5000 -9227.335948
5002  -9231.43649
5004 -9235.534083
5006 -9239.629362
5008 -9243.723573
5010 -9247.818691
5012 -9251.917597
5014 -9256.024095
5016 -9260.132782
5018 -9264.239084
5020 -9268.342517
5022 -9272.442859
5024 -9276.540278
5026 -9280.635444
5028 -9284.729645
5030  -9288.82491
5032 -9292.924184
5034 -9297.031155
5036 -9301.139706
5038 -9305.245835
5040 -9309.349072
5042 -9313.449217
5044 -9317.546464
5046 -9321.641522
5048 -9325.735721
5050 -9329.831145
5052 -9333.930804
5054 -9338.038206
5056 -9342.146619
5058 -9346.252574
5060 -9350.355614
5062 -9354.455562
5064 -9358.552641
5066 -9362.647596
5068 -9366.741803
5070 -9370.837397
5072 -9374.937459
5074  -9379.04525
5076 -9383.153522
5078 -9387.259301
5080 -9391.362144
5082 -9395.461895
5084 -9399.558809
5086 -9403.653667
5088 -9407.747889
5090 -9411.843667
5092  -9415.94415
5094 -9420.052287
5096 -9424.160415
5098 -9428.266016
5100  -9432.36866
5102 -9436.468216
5104 -9440.564968
5106 -9444.659734
5108 -9448.753982
5110 -9452.849956
5112 -9456.950878
5114 -9461.059315
5116 -9465.167297
5118 -9469.272718
5120 -9473.375164
5122 -9477.474525
5124 -9481.571118
5126   -9485.6658
5128 -9489.760082
5130 -9493.856266
5132 -9497.957645
5134 -9502.066335
5136 -9506.174169
5138 -9510.279408
5140 -9514.381654
5142 -9518.480823
5144  -9522.57726
5146 -9526.671863
5148 -9530.766189
5150 -9534.862596
5152 -9538.964452
5154 -9543.073347
5156  -9547.18103
5158 -9551.286085
5160 -9555.388132
5162 -9559.487109
5164 -9563.583395
5166 -9567.677925
5168 -9571.772304
5170 -9575.868949
5172   -9579.9713
5174  -9584.08035
5176 -9588.187879
5178  -9592.29275
5180 -9596.394597
5182 -9600.493384
5184 -9604.589522
5186 -9608.683986
5188 -9612.778429
5190 -9616.875324
5192 -9620.978192
5194 -9625.087344
5196 -9629.194718
5198 -9633.299402
5200 -9637.401049
5202 -9641.499647
5204 -9645.595642
5206 -9649.690047
5208 -9653.784563
5210 -9657.881724
5212 -9661.985128
5214  -9666.09433
5216 -9670.201546
5218 -9674.306042
5220 -9678.407488
5222   -9682.5059
5224 -9686.601755
5226 -9690.696108
5228 -9694.790708
5230  -9698.88815
5232 -9702.992111
5234 -9707.101306
5236 -9711.208362
5238 -9715.312668
5240 -9719.413914
5242 -9723.512142
5244 -9727.607861
5246 -9731.702169
5248 -9735.796865
5250 -9739.894602
5252 -9743.999141
5254 -9748.108273
5256 -9752.215166
5258 -9756.319282
5260 -9760.420328
5262 -9764.518373
5264 -9768.613962
5266 -9772.708232
5268 -9776.803033
5270 -9780.901081
5272 -9785.006214
5274 -9789.115231
5276  -9793.22196
5278 -9797.325883
5280 -9801.426729
5282 -9805.524593
5284 -9809.620056
5286 -9813.714297
5288 -9817.809215
5290  -9821.90759
5292 -9826.013291
5294  -9830.12218
5296 -9834.228741
5298 -9838.332471
5300 -9842.433118
5302 -9846.530804
5304 -9850.626146
5306 -9854.720364
5308  -9858.81541
5310 -9862.914128
5312 -9867.020361
5314 -9871.129118
5316  -9875.23551
5318 -9879.339046
5320 -9883.439494
5322 -9887.537005
5324  -9891.63223
5326 -9895.726435
5328 -9899.821621
5330 -9903.920698
5332 -9908.027424
5334 -9912.136047
5336 -9916.242268
5338 -9920.345608
5340 -9924.445858
5342 -9928.543196
5344  -9932.63831
5346 -9936.732509
5348 -9940.827847
5350 -9944.927301
5352  -9949.03448
5354 -9953.142966
5356 -9957.249013
5358 -9961.352158
5360 -9965.452209
5362 -9969.549377
5364 -9973.644386
5366 -9977.738588
5368  -9981.83409
5370 -9985.933937
5372 -9990.041528
5374 -9994.149875
5376 -9998.255747
5378 -10002.35869
5380 -10006.45855
5382 -10010.55555
5384 -10014.65046
5386 -10018.74467
5388 -10022.84035
5390 -10026.94061
5392 -10031.04857
5394 -10035.15677
5396 -10039.26247
5398 -10043.36522
5400 -10047.46488
5402 -10051.56171
5404 -10055.65653
5406 -10059.75076
5408 -10063.84663
5410 -10067.94732
5412  -10072.0556
5414 -10076.16366
5416 -10080.26918
5418 -10084.37173
5420 -10088.47119
5422 -10092.56787
5424 -10096.66259
5426 -10100.75686
5428 -10104.85293
5430 -10108.95406
5432 -10113.06263
5434 -10117.17054
5436 -10121.27587
5438 -10125.37823
5440  -10129.4775
5442 -10133.57401
5444 -10137.66866
5446 -10141.76296
5448 -10145.85925
5450 -10149.96085
5452 -10154.06964
5454  -10158.1774
5456 -10162.28256
5458 -10166.38471
5460 -10170.48379
5462 -10174.58015
5464 -10178.67472
5466 -10182.76907
5468 -10186.86559
5470 -10190.96767
5472 -10195.07665
5474 -10199.18426
5476 -10203.28923
5478 -10207.39118
5480 -10211.49007
5482 -10215.58628
5484 -10219.68078
5486 -10223.77519
5488 -10227.87195
5490 -10231.97454
5492 -10236.08365
5494  -10240.1911
5496 -10244.29589
5498 -10248.39764
5500 -10252.49634
5502 -10256.59241
5504 -10260.68684
5506 -10264.78132
5508 -10268.87834
5510 -10272.98146
5512 -10277.09064
5514 -10281.19794
5516 -10285.30253
5518 -10289.40409
5520  -10293.5026
5522 -10297.59852
5524  -10301.6929
5526 -10305.78746
5528 -10309.88475
5530 -10313.98841
5532 -10318.09762
5534 -10322.20476
5536 -10326.30917
5538 -10330.41052
5540 -10334.50884
5542 -10338.60463
5544 -10342.69897
5546 -10346.79361
5548 -10350.89119
5550 -10354.99542
5552 -10359.10459
5554 -10363.21157
5556 -10367.31579
5558 -10371.41694
5560 -10375.51508
5562 -10379.61074
5564 -10383.70503
5566 -10387.79977
5568 -10391.89765
5570 -10396.00247
5572 -10400.11155
5574 -10404.21837
5576  -10408.3224
5578 -10412.42335
5580 -10416.52131
5582 -10420.61684
5584 -10424.71109
5586 -10428.80595
5588 -10432.90415
5590 -10437.00955
5592 -10441.11851
5594 -10445.22516
5596 -10449.32899
5598 -10453.42974
5600 -10457.52752
5602 -10461.62293
5604 -10465.71716
5606 -10469.81213
5608 -10473.91067
5610 -10478.01662
5612 -10482.12545
5614 -10486.23193
5616 -10490.33557
5618 -10494.43613
5620 -10498.53373
5622 -10502.62901
5624 -10506.72323
5626 -10510.81834
5628 -10514.91722
5630 -10519.02369
5632 -10523.13239
5634  -10527.2387
5636 -10531.34214
5638  -10535.4425
5640 -10539.53992
5642  -10543.6351
5644  -10547.7293
5646 -10551.82455
5648 -10555.92381
5650 -10560.03075
5652 -10564.13931
5654 -10568.24545
5656  -10572.3487
5658 -10576.44885
5660 -10580.54611
5662 -10584.64117
5664 -10588.73537
5666 -10592.83079
5668 -10596.93042
5670  -10601.0378
5672 -10605.14622
5674 -10609.25219
5676 -10613.35524
5678  -10617.4552
5680 -10621.55229
5682 -10625.64725
5684 -10629.74145
5686 -10633.83704
5688 -10637.93708
5690 -10642.04485
5692 -10646.15313
5694 -10650.25892
5696 -10654.36177
5698 -10658.46153
5700 -10662.55846
5702 -10666.65332
5704 -10670.74754
5706 -10674.84331
5708 -10678.94377
5710 -10683.05188
5712 -10687.16002
5714 -10691.26563
5716 -10695.36829
5718 -10699.46785
5720 -10703.56462
5722 -10707.65939
5724 -10711.75363
5726  -10715.8496
5728 -10719.95049
5730 -10724.05891
5732  -10728.1669
5734 -10732.27234
5736 -10736.37479
5738 -10740.47416
5740 -10744.57077
5742 -10748.66545
5744 -10752.75973
5746  -10756.8559
5748 -10760.95726
5750 -10765.06593
5752 -10769.17378
5754 -10773.27903
5756 -10777.38128
5758 -10781.48046
5760 -10785.57691
5762 -10789.67152
5764 -10793.76584
5766 -10797.86223
5768 -10801.96406
5770 -10806.07295
5772 -10810.18064
5774  -10814.2857
5776 -10818.38776
5778 -10822.48675
5780 -10826.58304
5782 -10830.67758
5784 -10834.77195
5786 -10838.86858
5788 -10842.97091
5790 -10847.07995
5792 -10851.18749
5794 -10855.29237
5796 -10859.39423
5798 -10863.49303
5800 -10867.58917
5802 -10871.68364
5804 -10875.77808
5806 -10879.87496
5808  -10883.9778
5810 -10888.08694
5812 -10892.19433
5814 -10896.29902
5816 -10900.40068
5818 -10904.49929
5820 -10908.59529
5822  -10912.6897
5824 -10916.78421
5826 -10920.88136
5828 -10924.98473
5830 -10929.09393
5832 -10933.20116
5834 -10937.30566
5836 -10941.40712
5838 -10945.50554
5840 -10949.60141
5842 -10953.69576
5844 -10957.79036
5846 -10961.88778
5848 -10965.99171
5850 -10970.10091
5852 -10974.20797
5854 -10978.31229
5856 -10982.41355
5858 -10986.51179
5860 -10990.60751
5862 -10994.70182
5864 -10998.79651
5866 -11002.89423
5868 -11006.99874
5870 -11011.10788
5872 -11015.21478
5874  -11019.3189
5876 -11023.41996
5878 -11027.51802
5880 -11031.61361
5882 -11035.70789
5884 -11039.80268
5886 -11043.90071
5888 -11048.00581
5890 -11052.11483
5892 -11056.22157
5894 -11060.32551
5896 -11064.42636
5898 -11068.52424
5900 -11072.61971
5902 -11076.71395
5904 -11080.80886
5906 -11084.90722
5908 -11089.01289
5910 -11093.12178
5912 -11097.22835
5914 -11101.33209
5916 -11105.43275
5918 -11109.53045
5920  -11113.6258
5922 -11117.72002
5924 -11121.81506
5926 -11125.91375
5928 -11130.01996
5930 -11134.12872
5932 -11138.23512
5934 -11142.33867
5936 -11146.43913
5938 -11150.53665
5940 -11154.63188
5942 -11158.72609
5944 -11162.82127
5946 -11166.92032
5948 -11171.02702
5950 -11175.13565
5952 -11179.24188
5954 -11183.34523
5956 -11187.44549
5958 -11191.54284
5960 -11195.63796
5962 -11199.73216
5964 -11203.82749
5966 -11207.92692
5968 -11212.03408
5970 -11216.14257
5972 -11220.24863
5974 -11224.35178
5976 -11228.45185
5978 -11232.54902
5980 -11236.64404
5982 -11240.73824
5984 -11244.83373
5986 -11248.93356
5988 -11253.04113
5990 -11257.14948
5992 -11261.25536
5994 -11265.35832
5996 -11269.45819
5998  -11273.5552
6000 -11277.65011
